ali acar 1903090174 Matematik 1234567890 99,000000 99,000000 99,000000 88,000000 0,000000 95,700000 4,000000 AA
ali acar 1903090174 Algoritma 1234567891 55,000000 55,000000 55,000000 55,000000 0,000000 55,000000 1,000000 DD
ali acar 1903090174 Java 1234567892 61,000000 61,000000 61,000000 61,000000 0,000000 61,000000 1,500000 DC
ali acar 1903090174 Ingilizce 1234567893 77,000000 77,000000 77,000000 77,000000 0,000000 77,000000 2,500000 CB
ali acar 1903090174 Pyton 1234567894 33,000000 33,000000 33,000000 33,000000 0,000000 33,000000 0,000000 FF
umut bulut 1190309017 Matematik 1234567890 99,000000 77,000000 88,000000 0,000000 99,000000 92,400000 4,000000 AA
umut bulut 1190309017 Algoritma 1234567891 50,000000 50,000000 50,000000 0,000000 99,000000 64,700000 1,500000 DC
umut bulut 1190309017 Java 1234567892 88,000000 66,000000 77,000000 55,000000 99,000000 71,500000 2,000000 CC
umut bulut 1190309017 Ingilizce 1234567893 88,000000 88,000000 99,000000 77,000000 99,000000 86,900000 3,500000 BA
umut bulut 1190309017 Pyton 1234567894 11,000000 11,000000 11,000000 0,000000 88,000000 34,100000 0,000000 FF
kaya acar 19030888998 Matematik 1234567890 99,000000 77,000000 88,000000 55,000000 0,000000 79,200000 2,500000 CB
kaya acar 19030888998 Algoritma 1234567891 66,000000 66,000000 55,000000 0,000000 88,000000 70,400000 2,000000 CC
kaya acar 19030888998 Java 1234567892 44,000000 44,000000 44,000000 0,000000 66,000000 50,600000 1,000000 DD
kaya acar 19030888998 Ingilizce 1234567893 33,000000 66,000000 66,000000 33,000000 66,000000 46,200000 0,000000 FF
kaya acar 19030888998 Pyton 1234567894 99,000000 99,000000 99,000000 99,000000 66,000000 99,000000 4,000000 AA
